initial: 6
0.50708 0.49292 0.00000 0.00000 0.00000 0.00000

transition: 6
0.29157 0.50908 0.00640 0.19270 0.00000 0.00024
0.00041 0.50256 0.19863 0.00000 0.00000 0.29840
0.00261 0.00015 0.20221 0.78874 0.00000 0.00628
0.00016 0.00081 0.00427 0.28157 0.51340 0.19979
0.00000 0.00000 0.00000 0.00000 0.50086 0.49914
0.59845 0.00000 0.20654 0.19502 0.00000 0.00000

observation: 6
0.00029 0.29927 0.00139 0.09975 0.29889 0.09848
0.10000 0.39610 0.00000 0.10134 0.00000 0.10055
0.40421 0.20028 0.48993 0.29588 0.30236 0.00000
0.49550 0.10434 0.50706 0.40303 0.00000 0.00000
0.00000 0.00000 0.00162 0.09999 0.00000 0.80097
0.00000 0.00000 0.00000 0.00000 0.39875 0.00000
