initial: 6
0.00001 0.10349 0.09709 0.21040 0.00000 0.58901

transition: 6
0.20211 0.20261 0.59507 0.00000 0.00021 0.00000
0.00971 0.28731 0.51451 0.00012 0.00014 0.18821
0.49535 0.00599 0.19725 0.30141 0.00000 0.00000
0.20098 0.00014 0.00096 0.59890 0.00000 0.19903
0.00000 0.10210 0.00000 0.00000 0.50107 0.39684
0.39728 0.00001 0.00000 0.00000 0.30269 0.30001

observation: 6
0.49482 0.69956 0.30286 0.10026 0.00000 0.09856
0.00167 0.00125 0.39874 0.09970 0.10275 0.09591
0.00000 0.29872 0.20006 0.19642 0.09750 0.30183
0.50351 0.00047 0.09827 0.00000 0.00188 0.40264
0.00000 0.00000 0.00007 0.60362 0.00187 0.10106
0.00000 0.00000 0.00000 0.00000 0.79599 0.00000
