initial: 6
0.71790 0.00247 0.09205 0.18757 0.00000 0.00000

transition: 6
0.29584 0.00775 0.50699 0.00036 0.00000 0.18906
0.19884 0.20087 0.59989 0.00001 0.00038 0.00001
0.00290 0.49598 0.20150 0.29961 0.00000 0.00001
0.00003 0.20239 0.00059 0.59754 0.00000 0.19944
0.10758 0.00000 0.00000 0.00000 0.49923 0.39318
0.00025 0.39388 0.00000 0.00000 0.30408 0.30179

observation: 6
0.69578 0.49768 0.30290 0.09997 0.00001 0.09683
0.00112 0.00054 0.39787 0.09964 0.10234 0.09742
0.30309 0.00012 0.20032 0.19618 0.09675 0.30268
0.00000 0.50166 0.09886 0.00000 0.00034 0.40391
0.00000 0.00000 0.00005 0.60422 0.00272 0.09915
0.00000 0.00000 0.00000 0.00000 0.79784 0.00000
