initial: 6
0.00187 0.10172 0.09748 0.21076 0.00000 0.58817

transition: 6
0.20190 0.20023 0.59757 0.00000 0.00030 0.00000
0.00302 0.28773 0.51940 0.00000 0.00011 0.18975
0.49527 0.00560 0.19883 0.30031 0.00000 0.00000
0.20114 0.00000 0.00108 0.59886 0.00000 0.19892
0.00000 0.10164 0.00000 0.00000 0.49994 0.39842
0.39680 0.00000 0.00000 0.00000 0.30221 0.30099

observation: 6
0.49513 0.70125 0.30383 0.10023 0.00000 0.09843
0.00137 0.00010 0.39750 0.09988 0.10297 0.09587
0.00000 0.29865 0.20035 0.19645 0.09686 0.30218
0.50350 0.00000 0.09832 0.00000 0.00073 0.40258
0.00000 0.00000 0.00000 0.60343 0.00172 0.10095
0.00000 0.00000 0.00000 0.00000 0.79772 0.00000
