initial: 6
0.71973 0.00055 0.09159 0.18813 0.00000 0.00000

transition: 6
0.30882 0.00103 0.49369 0.00014 0.00000 0.19632
0.00087 0.20033 0.79808 0.00072 0.00000 0.00000
0.00027 0.49902 0.20178 0.29893 0.00000 0.00000
0.00000 0.20216 0.00001 0.59795 0.00000 0.19987
0.10511 0.00000 0.00000 0.00000 0.49594 0.39896
0.00004 0.39334 0.00000 0.00000 0.30043 0.30619

observation: 6
0.99519 0.49833 0.29798 0.09833 0.00012 0.09833
0.00250 0.00003 0.39972 0.09996 0.10335 0.09758
0.00231 0.00184 0.20085 0.80171 0.09011 0.30885
0.00000 0.49969 0.10142 0.00000 0.00270 0.39598
0.00000 0.00010 0.00004 0.00000 0.00175 0.09926
0.00000 0.00000 0.00000 0.00000 0.80197 0.00000
