initial: 6
0.50701 0.49299 0.00000 0.00000 0.00000 0.00000

transition: 6
0.29135 0.50961 0.00629 0.19276 0.00000 0.00000
0.00001 0.50280 0.19881 0.00000 0.00000 0.29839
0.00440 0.00001 0.20106 0.78795 0.00000 0.00658
0.00020 0.00008 0.00425 0.28234 0.51327 0.19986
0.00000 0.00000 0.00000 0.00000 0.50085 0.49915
0.59823 0.00000 0.20660 0.19517 0.00000 0.00000

observation: 6
0.00038 0.29924 0.00111 0.09974 0.29892 0.09851
0.10004 0.39607 0.00000 0.10131 0.00000 0.10053
0.40413 0.20029 0.49020 0.29593 0.30235 0.00000
0.49545 0.10440 0.50723 0.40301 0.00000 0.00000
0.00000 0.00000 0.00145 0.10001 0.00000 0.80096
0.00000 0.00000 0.00000 0.00000 0.39874 0.00000
