initial: 6
0.71741 0.00237 0.09285 0.18738 0.00000 0.00000

transition: 6
0.29599 0.00675 0.50807 0.00005 0.00000 0.18915
0.19861 0.20037 0.60060 0.00000 0.00041 0.00001
0.00282 0.49514 0.20316 0.29888 0.00000 0.00000
0.00000 0.20157 0.00314 0.59623 0.00000 0.19906
0.10767 0.00000 0.00000 0.00000 0.49894 0.39339
0.00001 0.39339 0.00000 0.00000 0.30461 0.30199

observation: 6
0.69592 0.49777 0.30318 0.09964 0.00000 0.09676
0.00102 0.00000 0.39770 0.09876 0.10284 0.09691
0.30306 0.00000 0.20032 0.19619 0.09656 0.30284
0.00000 0.50222 0.09881 0.00000 0.00000 0.40415
0.00000 0.00000 0.00000 0.60541 0.00250 0.09934
0.00000 0.00000 0.00000 0.00000 0.79810 0.00000
