initial: 6
0.71959 0.00048 0.09177 0.18815 0.00000 0.00000

transition: 6
0.30903 0.00032 0.49451 0.00000 0.00000 0.19615
0.00107 0.19967 0.79920 0.00001 0.00005 0.00000
0.00001 0.49862 0.20225 0.29912 0.00000 0.00000
0.00000 0.20225 0.00005 0.59810 0.00000 0.19960
0.10512 0.00000 0.00000 0.00000 0.49422 0.40066
0.00000 0.39246 0.00000 0.00000 0.29991 0.30763

observation: 6
0.99529 0.49861 0.29790 0.09846 0.00000 0.09802
0.00249 0.00000 0.39927 0.09996 0.10333 0.09767
0.00222 0.00150 0.20115 0.80158 0.08974 0.30866
0.00000 0.49979 0.10164 0.00000 0.00092 0.39627
0.00000 0.00010 0.00004 0.00000 0.00134 0.09937
0.00000 0.00000 0.00000 0.00000 0.80467 0.00000
